 ********** Training using 8 data points ********** 
 *** Model A: 0.5084, 0.4925, 0.5842
 *** Model B: 0.5030, 0.4994, 0.5267
 *** Model C: 0.4907, 0.5070, 0.5234
Model A
       RTime    Biomass   Glucose         V   Protein
0   9.283333  20.727501  0.041218  1.388772  0.741790
1  11.033333  23.819979  0.037011  1.564131  0.833130
2  13.150000  27.560406  0.031921  1.776232  0.943606
3  15.150000  31.095186  0.025856  1.978816  1.049617
4  17.100000  34.541603  0.019932  2.176351  1.152988
5  18.150000  36.397366  0.016744  2.282716  1.208649
6  19.166667  38.194214  0.013656  2.385704  1.262545
7  20.133333  39.902874  0.010714  2.483658  1.313809

Model B
       RTime    Biomass   Glucose         V   Protein
0   9.283333  20.860424  0.066067  1.170970  0.926425
1  11.033333  23.854435  0.058536  1.449264  0.982123
2  13.150000  27.475758  0.049427  1.785868  1.049493
3  15.150000  30.897486  0.040819  2.103919  1.113147
4  17.100000  34.233665  0.032428  2.414018  1.175213
5  18.150000  36.030067  0.027909  2.580994  1.208630
6  19.166667  37.769451  0.023535  2.742671  1.240991
7  20.133333  39.432354  0.029504  2.886191  1.281049

Model C
       RTime    Biomass   Glucose         V   Protein
0   9.283333  21.290956  0.062011  1.312962  0.528444
1  11.033333  23.988129  0.052332  1.509074  0.688101
2  13.150000  27.249958  0.042233  1.749469  0.883000
3  15.150000  30.331318  0.035042  1.981286  1.069774
4  17.100000  33.335800  0.028398  2.207520  1.251933
5  18.150000  34.953655  0.024967  2.329422  1.350041
6  19.166667  36.520103  0.021617  2.447930  1.445504
7  20.133333  38.009686  0.018419  2.560818  1.536434

 ********** Training using 7 data points ********** 
 *** Model A: 0.3915, 0.6180, 0.5990
 *** Model B: 0.4848, 0.5165, 0.5379
 *** Model C: 0.4676, 0.5147, 0.5949
Model A
       RTime    Biomass   Glucose         V   Protein
0   9.283333  23.965393  0.051620  1.786142  0.795942
1  11.033333  24.685921  0.051053  1.792812  0.815777
2  13.150000  25.566181  0.052243  1.798179  0.844277
3  15.150000  26.433571  0.051488  1.801978  0.868338
4  17.100000  27.331089  0.048510  1.806494  0.888402
5  18.150000  27.814865  0.048812  1.806603  0.903557
6  19.166667  28.291286  0.051252  1.807167  0.923015
7  20.133333  29.254902  0.060314  1.875724  0.963012

Model B
       RTime    Biomass   Glucose         V   Protein
0   9.283333  21.277922  0.062757  1.384269  1.120564
1  11.033333  24.274040  0.055073  1.567324  1.079467
2  13.150000  27.897924  0.045777  1.788723  1.029763
3  15.150000  31.322065  0.036994  1.997928  0.982798
4  17.100000  34.660606  0.028431  2.201895  0.937006
5  18.150000  36.458275  0.023819  2.311729  0.912349
6  19.166667  38.198879  0.019355  2.418074  0.888474
7  20.133333  39.898880  0.039137  2.550498  0.900142

Model C
       RTime    Biomass   Glucose         V   Protein
0   9.283333  20.103615  0.041071  2.103184  1.139255
1  11.033333  23.203568  0.038937  2.429294  1.214321
2  13.150000  26.952677  0.035685  2.823695  1.305239
3  15.150000  30.495230  0.032375  3.196101  1.390871
4  17.100000  33.949223  0.029150  3.559198  1.474359
5  18.150000  35.809063  0.027411  3.754712  1.519316
6  19.166667  37.609867  0.025729  3.944020  1.562848
7  20.133333  39.322098  0.024129  4.124015  1.604235

 ********** Training using 6 data points ********** 
 *** Model A: 0.4665, 0.5387, 0.5339
 *** Model B: 0.4839, 0.5318, 0.5324
 *** Model C: 0.4865, 0.5209, 0.5404
Model A
       RTime    Biomass   Glucose         V   Protein
0   9.283333  21.205366  0.084785  1.343585  0.566906
1  11.033333  24.689365  0.071546  1.541093  0.615500
2  13.150000  28.903353  0.055552  1.780025  0.674285
3  15.150000  32.885082  0.040473  2.005856  0.729832
4  17.100000  36.767269  0.025769  2.226038  0.783987
5  18.150000  38.857674  0.017852  2.344596  0.813151
6  19.166667  40.881725  0.010186  2.459390  0.841391
7  20.133333  42.806225  0.002894  2.568538  0.868237

Model B
       RTime    Biomass   Glucose         V   Protein
0   9.283333  21.320265  0.077402  1.325067  0.676498
1  11.033333  24.700396  0.066259  1.547748  0.690182
2  13.150000  28.788750  0.052784  1.817086  0.706736
3  15.150000  32.652195  0.040761  2.071952  0.723072
4  17.100000  36.419060  0.029066  2.320461  0.739025
5  18.150000  38.447372  0.022767  2.454273  0.747617
6  19.166667  40.431084  0.020564  2.581228  0.766808
7  20.133333  42.328335  0.019251  2.701135  0.790213

Model C
       RTime    Biomass   Glucose         V   Protein
0   9.283333  22.286173  0.056645  1.489244  0.757518
1  11.033333  24.743847  0.049174  1.671472  0.727787
2  13.150000  27.716471  0.040136  1.891881  0.691827
3  15.150000  30.525242  0.031596  2.100140  0.657849
4  17.100000  33.263794  0.023270  2.303194  0.624719
5  18.150000  34.740341  0.018817  2.412774  0.607016
6  19.166667  36.374134  0.021318  2.531146  0.622139
7  20.133333  37.972126  0.024367  2.646100  0.642781

 ********** Training using 5 data points ********** 
 *** Model A: 0.4776, 0.5291, 0.5248
 *** Model B: 0.4723, 0.5294, 0.5232
 *** Model C: 0.5238, 0.4637, 0.5504
Model A
       RTime    Biomass   Glucose         V   Protein
0   9.283333  21.802692  0.087513  1.425412  0.418172
1  11.033333  25.282021  0.073840  1.592149  0.473047
2  13.150000  29.491005  0.057922  1.794230  0.539661
3  15.150000  33.469810  0.044593  1.986302  0.603267
4  17.100000  37.349148  0.031596  2.173573  0.665281
5  18.150000  39.442787  0.025015  2.276210  0.698721
6  19.166667  41.483604  0.020113  2.381180  0.731242
7  20.133333  43.424038  0.015447  2.480985  0.762159

Model B
       RTime    Biomass   Glucose         V   Protein
0   9.283333  21.611664  0.077579  1.361231  0.368114
1  11.033333  25.295395  0.064310  1.580200  0.441057
2  13.150000  29.750957  0.048262  1.845046  0.529281
3  15.150000  33.960938  0.033098  2.095296  0.612644
4  17.100000  38.065670  0.018314  2.339292  0.693922
5  18.150000  40.276188  0.010585  2.470561  0.737595
6  19.166667  42.416588  0.003148  2.597640  0.779865
7  20.133333  44.453007  0.000000  2.718405  0.819882

Model C
       RTime    Biomass   Glucose         V   Protein
0   9.283333  21.839724  0.056942  1.359926  0.523072
1  11.033333  25.283569  0.048291  1.558271  0.600383
2  13.150000  29.448980  0.037829  1.798176  0.693894
3  15.150000  33.385166  0.028682  2.025847  0.783554
4  17.100000  37.222992  0.019869  2.247998  0.871205
5  18.150000  39.304241  0.015213  2.368990  0.919501
6  19.166667  41.329319  0.010727  2.487056  0.967003
7  20.133333  43.255188  0.006433  2.599323  1.012163

 ********** Training using 4 data points ********** 
 *** Model A: 0.4933, 0.5071, 0.5370
 *** Model B: 0.4523, 0.5512, 0.5429
 *** Model C: 0.5552, 0.4447, 0.6014
Model A
       RTime    Biomass   Glucose         V   Protein
0   9.283333  22.339828  0.059412  1.467946  0.300205
1  11.033333  26.009434  0.050333  1.678139  0.361609
2  13.150000  30.447908  0.039350  1.932373  0.435878
3  15.150000  34.641735  0.028975  2.172594  0.506052
4  17.100000  38.731419  0.018950  2.407053  0.574444
5  18.150000  40.935112  0.013626  2.533819  0.611628
6  19.166667  43.068920  0.008474  2.656584  0.647650
7  20.133333  45.097786  0.003577  2.773311  0.681900

Model B
       RTime    Biomass   Glucose         V   Protein
0   9.283333  22.181391  0.098379  1.391654  0.284541
1  11.033333  26.080353  0.075466  1.618476  0.351160
2  13.150000  30.796240  0.047751  1.892823  0.431738
3  15.150000  35.252327  0.021596  2.152090  0.507883
4  17.100000  39.628796  0.006662  2.413471  0.581347
5  18.150000  41.991783  0.001312  2.555272  0.620074
6  19.166667  44.282089  0.000000  2.692422  0.656856
7  20.133333  46.468155  0.000000  2.824421  0.691653

Model C
       RTime    Biomass   Glucose         V   Protein
0   9.283333  22.159653  0.049873  1.436253  0.296938
1  11.033333  26.116182  0.042965  1.689543  0.359916
2  13.150000  30.901695  0.034610  1.995904  0.436090
3  15.150000  35.423439  0.026716  2.285378  0.508066
4  17.100000  39.836193  0.019874  2.570021  0.575990
5  18.150000  42.215904  0.016597  2.725302  0.611349
6  19.166667  44.520153  0.013426  2.875665  0.645596
7  20.133333  46.711071  0.010410  3.018633  0.678158

 ********** Training using 3 data points ********** 
 *** Model A: 0.4918, 0.5076, 0.5394
 *** Model B: 0.4299, 0.5723, 0.5531
 *** Model C: 0.5451, 0.4414, 0.6166
Model A
       RTime    Biomass   Glucose         V   Protein
0   9.283333  22.815622  0.057151  1.488086  0.266654
1  11.033333  26.816547  0.049642  1.738646  0.328060
2  13.150000  31.655762  0.040560  2.041702  0.402331
3  15.150000  36.229923  0.033033  2.328779  0.472258
4  17.100000  40.690540  0.026198  2.609027  0.540319
5  18.150000  43.092369  0.022874  2.760015  0.576825
6  19.166667  45.417919  0.019955  2.906305  0.612065
7  20.133333  47.629093  0.017182  3.045400  0.645570

Model B
       RTime    Biomass   Glucose         V   Protein
0   9.283333  22.749912  0.050378  1.497815  0.277706
1  11.033333  26.907051  0.060055  1.775295  0.308962
2  13.150000  31.935205  0.071766  2.110912  0.346768
3  15.150000  36.686222  0.082829  2.428029  0.382488
4  17.100000  41.318466  0.093618  2.737217  0.417316
5  18.150000  43.812752  0.099426  2.903707  0.436070
6  19.166667  46.227852  0.105054  3.064905  0.454227
7  20.133333  48.524174  0.110400  3.218179  0.471491

Model C
       RTime    Biomass   Glucose         V   Protein
0   9.283333  22.802776  0.054213  1.485613  0.263023
1  11.033333  26.840845  0.044596  1.741844  0.311634
2  13.150000  31.724983  0.032964  2.051762  0.370430
3  15.150000  36.339912  0.021974  2.344600  0.425986
4  17.100000  40.839474  0.011257  2.630115  0.480154
5  18.150000  43.262318  0.005487  2.783854  0.509319
6  19.166667  45.608250  0.000000  2.932712  0.537561
7  20.133333  47.838795  0.000000  3.074251  0.564413

 ********** Training using 2 data points ********** 
 *** Model A: 0.4657, 0.5364, 0.5484
 *** Model B: 0.4429, 0.5647, 0.5418
 *** Model C: 0.4927, 0.5071, 0.5409
Model A
       RTime    Biomass   Glucose         V   Protein
0   9.283333  23.452822  0.060406  1.520633  0.206141
1  11.033333  27.687881  0.064545  1.779378  0.253651
2  13.150000  32.810551  0.069713  2.092390  0.310580
3  15.150000  37.650948  0.074659  2.388160  0.364132
4  17.100000  42.370289  0.079472  2.676517  0.416341
5  18.150000  44.911472  0.082063  2.831787  0.444455
6  19.166667  47.371986  0.084572  2.982126  0.471674
7  20.133333  49.711483  0.086959  3.125073  0.497556

Model B
       RTime    Biomass   Glucose         V   Protein
0   9.283333  23.444115  0.061875  1.517344  0.201723
1  11.033333  27.722734  0.074723  1.788797  0.254955
2  13.150000  32.897472  0.090296  2.116825  0.319477
3  15.150000  37.786812  0.105036  2.426591  0.380504
4  17.100000  42.553921  0.119410  2.728609  0.440002
5  18.150000  45.120819  0.127148  2.891233  0.472043
6  19.166667  47.606239  0.134641  3.048700  0.503060
7  20.133333  49.969414  0.141768  3.198419  0.532557

Model C
       RTime    Biomass   Glucose         V   Protein
0   9.283333  23.450733  0.055874  1.515496  0.214549
1  11.033333  27.695040  0.053577  1.783942  0.244395
2  13.150000  32.828590  0.050794  2.108661  0.280628
3  15.150000  37.679161  0.048163  2.415500  0.314945
4  17.100000  42.408455  0.045612  2.714680  0.348442
5  18.150000  44.954983  0.044244  2.875783  0.366490
6  19.166667  47.420639  0.042934  3.031812  0.384014
7  20.133333  49.765022  0.041691  3.180176  0.400679

