 ********** Training using 8 data points ********** 
 *** Model A: 0.5029, 0.4976, 0.5553
 *** Model B: 0.5056, 0.4949, 0.5071
 *** Model C: 0.4926, 0.5020, 0.5119
Model A
       RTime    Biomass   Glucose         V   Protein
0   9.283333  19.476412  0.059031  1.195888  0.659898
1  11.033333  22.736128  0.052947  1.401521  0.773505
2  13.150000  26.678829  0.045587  1.650242  0.910919
3  15.150000  30.404213  0.038634  1.885249  1.040751
4  17.100000  34.036469  0.031852  2.114384  1.167343
5  18.150000  35.992294  0.028201  2.237765  1.235506
6  19.166667  37.886040  0.024665  2.357230  1.301508
7  20.133333  39.686638  0.021305  2.470817  1.364261

Model B
       RTime    Biomass   Glucose         V   Protein
0   9.283333  19.393127  0.068161  1.117882  0.685131
1  11.033333  22.695396  0.059265  1.327001  0.795600
2  13.150000  26.689569  0.048528  1.579963  0.929286
3  15.150000  30.463568  0.038808  1.819507  1.056924
4  17.100000  34.143215  0.029331  2.053062  1.181371
5  18.150000  36.124561  0.024228  2.178822  1.248381
6  19.166667  38.043335  0.019497  2.300816  1.313572
7  20.133333  39.867767  0.015023  2.416837  1.375594

Model C
       RTime    Biomass   Glucose         V   Protein
0   9.283333  19.436777  0.064951  1.170881  0.663531
1  11.033333  22.722532  0.058160  1.369585  0.781358
2  13.150000  26.696735  0.049947  1.609921  0.923873
3  15.150000  30.451883  0.042186  1.837011  1.058532
4  17.100000  34.113163  0.034619  2.058425  1.189824
5  18.150000  36.084614  0.030545  2.177646  1.260521
6  19.166667  37.993484  0.026600  2.293085  1.328973
7  20.133333  39.808475  0.022845  2.402842  1.394059

 ********** Training using 7 data points ********** 
 *** Model A: 0.3861, 0.6117, 0.6039
 *** Model B: 0.4868, 0.5127, 0.5198
 *** Model C: 0.5044, 0.4944, 0.5509
Model A
       RTime    Biomass   Glucose         V   Protein
0   9.283333  19.970839  5.682955  3.686453 -0.486250
1  11.033333  19.190641  5.135159  4.243767  0.044118
2  13.150000  18.257067  4.494865  4.858389  0.656187
3  15.150000  17.465399  3.946027  5.392191  1.184627
4  17.100000  18.200689  3.958896  5.962998  1.489948
5  18.150000  18.922874  4.081085  6.288477  1.614304
6  19.166667  19.622314  4.199443  6.603670  1.734716
7  20.133333  20.287725  4.312150  6.903296  1.849097

Model B
       RTime    Biomass   Glucose         V   Protein
0   9.283333  19.860846  0.053971  1.270035  0.809999
1  11.033333  23.243793  0.049014  1.481453  0.928197
2  13.150000  27.335550  0.043019  1.737170  1.071159
3  15.150000  31.201778  0.037353  1.978789  1.206245
4  17.100000  34.971355  0.031827  2.214370  1.337954
5  18.150000  37.001122  0.028854  2.341219  1.408873
6  19.166667  38.966461  0.025973  2.464044  1.477541
7  20.133333  40.837238  0.027771  2.586616  1.546791

Model C
       RTime    Biomass   Glucose         V   Protein
0   9.283333  20.164654  0.056406  1.317434  0.795322
1  11.033333  23.376085  0.050368  1.477835  0.827667
2  13.150000  27.260305  0.043077  1.671822  0.866765
3  15.150000  30.930433  0.036186  1.855116  0.903708
4  17.100000  34.508781  0.029503  2.033832  0.939711
5  18.150000  36.435570  0.025945  2.130067  0.959078
6  19.166667  38.301186  0.022496  2.223247  0.977831
7  20.133333  40.084457  0.019121  2.314517  0.999830

 ********** Training using 6 data points ********** 
 *** Model A: 0.4711, 0.5324, 0.5272
 *** Model B: 0.4851, 0.5171, 0.5148
 *** Model C: 0.4928, 0.5061, 0.5222
Model A
       RTime    Biomass   Glucose         V   Protein
0   9.283333  20.379452  0.080285  1.250770  0.490788
1  11.033333  23.867067  0.068724  1.437541  0.564292
2  13.150000  28.085419  0.054739  1.663443  0.653196
3  15.150000  32.071270  0.041528  1.876899  0.737200
4  17.100000  35.957470  0.028644  2.085011  0.819104
5  18.150000  38.050037  0.021704  2.197073  0.863204
6  19.166667  40.076340  0.014957  2.305413  0.906630
7  20.133333  42.003094  0.008501  2.408323  0.948223

Model B
       RTime    Biomass   Glucose         V   Protein
0   9.283333  20.270712  0.078707  1.192932  0.501696
1  11.033333  23.823601  0.066389  1.402577  0.570853
2  13.150000  28.120901  0.051491  1.656147  0.654498
3  15.150000  32.181900  0.038170  1.895868  0.734128
4  17.100000  36.141682  0.025584  2.129663  0.812077
5  18.150000  38.273865  0.018805  2.255554  0.854052
6  19.166667  40.338505  0.012190  2.377527  0.894677
7  20.133333  42.301632  0.005870  2.493737  0.933381

Model C
       RTime    Biomass   Glucose         V   Protein
0   9.283333  20.476658  0.072590  1.247057  0.452082
1  11.033333  23.903225  0.063472  1.450032  0.534215
2  13.150000  28.047743  0.052529  1.695581  0.633682
3  15.150000  31.963842  0.042410  1.927717  0.727985
4  17.100000  35.782043  0.032546  2.154049  0.819932
5  18.150000  37.837994  0.027234  2.275920  0.869440
6  19.166667  39.828918  0.022169  2.393977  0.917317
7  20.133333  41.722237  0.017466  2.506299  0.962754

 ********** Training using 5 data points ********** 
 *** Model A: 0.4787, 0.5242, 0.5223
 *** Model B: 0.4772, 0.5215, 0.5232
 *** Model C: 0.5289, 0.4619, 0.4889
Model A
       RTime    Biomass   Glucose         V   Protein
0   9.283333  20.969330  0.073786  1.277538  0.416323
1  11.033333  24.587811  0.060448  1.485367  0.470916
2  13.150000  28.964453  0.044318  1.736741  0.536950
3  15.150000  33.101170  0.030627  1.974310  0.598809
4  17.100000  37.135105  0.018028  2.205963  0.658873
5  18.150000  39.307938  0.011844  2.331079  0.691473
6  19.166667  41.412292  0.006271  2.452482  0.723216
7  20.133333  43.413143  0.000978  2.567915  0.753401

Model B
       RTime    Biomass   Glucose         V   Protein
0   9.283333  20.933481  0.068141  1.275826  0.365767
1  11.033333  24.585939  0.055451  1.481787  0.441494
2  13.150000  29.003679  0.040102  1.730901  0.533087
3  15.150000  33.177921  0.025599  1.966284  0.619632
4  17.100000  37.247807  0.011458  2.195781  0.704015
5  18.150000  39.439285  0.003843  2.319358  0.749450
6  19.166667  41.561195  0.000000  2.439011  0.793445
7  20.133333  43.578827  0.000000  2.552763  0.835264

Model C
       RTime    Biomass   Glucose         V   Protein
0   9.283333  21.002729  0.072961  0.930340  0.876592
1  11.033333  24.605997  0.060503  1.068827  1.015655
2  13.150000  28.964245  0.045850  1.236890  1.184558
3  15.150000  33.082607  0.032465  1.396318  1.344937
4  17.100000  37.099316  0.020084  1.552687  1.502454
5  18.150000  39.267971  0.014021  1.637923  1.588514
6  19.166667  41.371822  0.008540  1.721148  1.672673
7  20.133333  43.372311  0.003340  1.800341  1.752779

 ********** Training using 4 data points ********** 
 *** Model A: 0.4939, 0.5056, 0.5223
 *** Model B: 0.4789, 0.5230, 0.5224
 *** Model C: 0.5480, 0.4469, 0.5366
Model A
       RTime    Biomass   Glucose         V   Protein
0   9.283333  21.743584  0.061948  1.354045  0.301915
1  11.033333  25.523996  0.052582  1.573757  0.363296
2  13.150000  30.096500  0.041253  1.839504  0.437537
3  15.150000  34.416973  0.030550  2.090604  0.507686
4  17.100000  38.629662  0.020224  2.335486  0.576279
5  18.150000  40.898052  0.014676  2.467352  0.613232
6  19.166667  43.094437  0.009304  2.595031  0.649014
7  20.133333  45.182793  0.004193  2.716430  0.683033

Model B
       RTime    Biomass   Glucose         V   Protein
0   9.283333  21.759279  0.088120  1.305359  0.314348
1  11.033333  25.515629  0.068517  1.514878  0.368014
2  13.150000  30.061405  0.047005  1.769576  0.433570
3  15.150000  34.357212  0.027209  2.010511  0.495680
4  17.100000  38.557449  0.012900  2.249184  0.557765
5  18.150000  40.826672  0.008110  2.379820  0.592043
6  19.166667  43.023998  0.003506  2.506357  0.625234
7  20.133333  45.113258  0.000000  2.626671  0.656796

Model C
       RTime    Biomass   Glucose         V   Protein
0   9.283333  21.613892  0.043232  1.350276  0.302410
1  11.033333  25.545103  0.038679  1.594173  0.362465
2  13.150000  30.299995  0.033175  1.889171  0.435103
3  15.150000  34.792812  0.027970  2.167910  0.503736
4  17.100000  39.173325  0.022900  2.439691  0.570639
5  18.150000  41.532459  0.020166  2.586285  0.606349
6  19.166667  43.816704  0.017522  2.728225  0.640920
7  20.133333  45.988602  0.015008  2.863184  0.673793

 ********** Training using 3 data points ********** 
 *** Model A: 0.4899, 0.5109, 0.5215
 *** Model B: 0.4345, 0.5651, 0.5478
 *** Model C: 0.5328, 0.4574, 0.5677
Model A
       RTime    Biomass   Glucose         V   Protein
0   9.283333  22.427176  0.050736  1.398808  0.433456
1  11.033333  26.463116  0.049612  1.643287  0.523564
2  13.150000  31.344673  0.048250  1.938992  0.632553
3  15.150000  35.953442  0.054143  2.223391  0.734285
4  17.100000  40.446415  0.060986  2.501444  0.833283
5  18.150000  42.865707  0.064670  2.651167  0.886590
6  19.166667  45.208195  0.068238  2.796135  0.938203
7  20.133333  47.435764  0.071490  2.934072  0.987575

Model B
       RTime    Biomass   Glucose         V   Protein
0   9.283333  22.376516  0.039046  1.444452  0.248022
1  11.033333  26.495520  0.058045  1.706357  0.272981
2  13.150000  31.477552  0.081024  2.023140  0.303167
3  15.150000  36.184986  0.102738  2.322459  0.331690
4  17.100000  40.774734  0.123910  2.614298  0.359499
5  18.150000  43.246132  0.135309  2.771441  0.374475
6  19.166667  45.639084  0.146346  2.923598  0.388976
7  20.133333  47.914337  0.156839  3.068270  0.402760

Model C
       RTime    Biomass   Glucose         V   Protein
0   9.283333  22.418209  0.051502  1.396014  0.264551
1  11.033333  26.479858  0.044192  1.644876  0.312802
2  13.150000  31.392447  0.035414  1.945952  0.371116
3  15.150000  36.034325  0.027246  2.230584  0.426098
4  17.100000  40.560219  0.019365  2.508273  0.479594
5  18.150000  42.997250  0.015156  2.657879  0.508347
6  19.166667  45.356926  0.011082  2.802742  0.536184
7  20.133333  47.600540  0.007205  2.940475  0.562655

 ********** Training using 2 data points ********** 
 *** Model A: 0.4636, 0.5384, 0.5341
 *** Model B: 0.4466, 0.5593, 0.5425
 *** Model C: 0.4930, 0.5071, 0.5259
Model A
       RTime    Biomass   Glucose         V   Protein
0   9.283333  23.278582  0.057171  1.437367  0.208464
1  11.033333  27.524540  0.069743  1.690611  0.252673
2  13.150000  32.660141  0.084962  1.996914  0.306165
3  15.150000  37.512676  0.099357  2.286332  0.356731
4  17.100000  42.243904  0.113392  2.568513  0.406036
5  18.150000  44.791485  0.120949  2.720457  0.432583
6  19.166667  47.258194  0.128266  2.867579  0.458287
7  20.133333  49.603588  0.135224  3.007462  0.482729

Model B
       RTime    Biomass   Glucose         V   Protein
0   9.283333  23.280764  0.061778  1.441451  0.203254
1  11.033333  27.517378  0.077339  1.697265  0.254168
2  13.150000  32.641685  0.096190  2.006676  0.315741
3  15.150000  37.483612  0.114084  2.299017  0.373900
4  17.100000  42.204487  0.131530  2.584052  0.430601
5  18.150000  44.746494  0.140922  2.737533  0.461134
6  19.166667  47.207806  0.150010  2.886135  0.490697
7  20.133333  49.548035  0.158624  3.027403  0.518804

Model C
       RTime    Biomass   Glucose         V   Protein
0   9.283333  23.277006  0.055034  1.430691  0.213710
1  11.033333  27.528860  0.057609  1.688337  0.245673
2  13.150000  32.671581  0.060722  1.999965  0.284335
3  15.150000  37.530838  0.063666  2.294418  0.320867
4  17.100000  42.268623  0.066535  2.581509  0.356486
5  18.150000  44.820526  0.068574  2.736479  0.376043
6  19.166667  47.291451  0.070568  2.886542  0.394991
7  20.133333  49.640835  0.072461  3.029224  0.413010

